image_width: 640
image_height: 480
camera_name: camera
camera_matrix:
  rows: 3
  cols: 3
  data: [632.7361080533549, 0, 321.9474832561696, 0, 634.2327075892116, 223.9353111003978, 0, 0, 1]
distortion_model: plumb_bob
distortion_coefficients:
  rows: 1
  cols: 5
  data: [0.1250056084727136, -0.1570916086878629, -0.005501545116577005, 0.001683961115895444, 0]
rectification_matrix:
  rows: 3
  cols: 3
  data: [1, 0, 0, 0, 1, 0, 0, 0, 1]
projection_matrix:
  rows: 3
  cols: 4
  data: [649.6468505859375, 0, 322.3208437484536, 0, 0, 649.0009155273438, 221.2580892472088, 0, 0, 0, 1, 0]