image_width: 640
image_height: 480
camera_name: camera
camera_matrix:
  rows: 3
  cols: 3
  data: [625.9502508876938, 0, 317.1813713878672, 0, 625.650714520746, 243.8621269468461, 0, 0, 1]
distortion_model: plumb_bob
distortion_coefficients:
  rows: 1
  cols: 5
  data: [0.1740714082077579, -0.3341644698256349, 0.006389695591861453, 0.001166629895315181, 0]
rectification_matrix:
  rows: 3
  cols: 3
  data: [1, 0, 0, 0, 1, 0, 0, 0, 1]
projection_matrix:
  rows: 3
  cols: 4
  data: [640.5078735351562, 0, 317.2391179641963, 0, 0, 638.8762817382812, 245.5647616416882, 0, 0, 0, 1, 0]